10
7
1
3
8
7
4
7
1
1000
10694298 0 0 0
2003810622 0 0 1
1131466621 0 0 2
648673280 0 0 3
2827163227 0 0 4
2148977256 0 0 5
2760154325 0 0 6
1542358397 0 0 7
1127296734 0 0 8
2855378384 0 0 9
3500682175 0 1 0
983168594 0 1 1
2387660189 0 1 2
41746890 0 1 3
2670963938 0 1 4
2122191721 0 1 5
1898200616 0 1 6
3033877959 0 1 7
1496402742 0 1 8
3211376838 0 1 9
1163584011 0 2 0
493467081 0 2 1
3747015762 0 2 2
2608776236 0 2 3
3640096869 0 2 4
700701081 0 2 5
3186558659 0 2 6
1285410537 0 2 7
2956125842 0 2 8
3890593084 0 2 9
2638679759 0 3 0
1429994924 0 3 1
477319132 0 3 2
3037152484 0 3 3
2146101882 0 3 4
1434127996 0 3 5
275406768 0 3 6
2063464763 0 3 7
2354338080 0 3 8
1784545113 0 3 9
1888872163 0 4 0
2603443083 0 4 1
3103665464 0 4 2
1264910492 0 4 3
1923965730 0 4 4
2038742513 0 4 5
2559547696 0 4 6
1506254989 0 4 7
1550243605 0 4 8
1184758733 0 4 9
2012189610 0 5 0
1343185455 0 5 1
634070462 0 5 2
2961532331 0 5 3
622260651 0 5 4
650747772 0 5 5
2918279294 0 5 6
1117729416 0 5 7
3567514141 0 5 8
3432659733 0 5 9
1197353812 0 6 0
1715933290 0 6 1
3930008841 0 6 2
3402624655 0 6 3
2005731774 0 6 4
1889565728 0 6 5
3672356322 0 6 6
551501292 0 6 7
1207115811 0 6 8
480682737 0 6 9
2263870114 0 7 0
3677725505 0 7 1
48241086 0 7 2
3297411520 0 7 3
2680350127 0 7 4
3102412605 0 7 5
3985684157 0 7 6
1377966069 0 7 7
3274372270 0 7 8
1768165153 0 7 9
804115278 0 8 0
414386701 0 8 1
2451114955 0 8 2
2437591902 0 8 3
4235096811 0 8 4
2613634836 0 8 5
407805245 0 8 6
115633029 0 8 7
1780944057 0 8 8
2777909158 0 8 9
2652729554 0 9 0
2987542974 0 9 1
742559729 0 9 2
120921639 0 9 3
3479359573 0 9 4
1286129874 0 9 5
821536915 0 9 6
1408343631 0 9 7
1874485820 0 9 8
3529741052 0 9 9
2133103108 1 0 0
869804834 1 0 1
2954371084 1 0 2
272404242 1 0 3
2048561170 1 0 4
4181563537 1 0 5
2426001663 1 0 6
1844402887 1 0 7
1749674689 1 0 8
1513875991 1 0 9
1416573106 1 1 0
285668604 1 1 1
2736604418 1 1 2
355240956 1 1 3
4040929431 1 1 4
3705225894 1 1 5
1541317974 1 1 6
3997316620 1 1 7
2874346861 1 1 8
2990567852 1 1 9
3692512391 1 2 0
294525978 1 2 1
3875805600 1 2 2
3889928476 1 2 3
1376272598 1 2 4
4184374476 1 2 5
417609446 1 2 6
3287471617 1 2 7
1035027463 1 2 8
2060884286 1 2 9
1076930692 1 3 0
658419201 1 3 1
703547211 1 3 2
4248979651 1 3 3
806694846 1 3 4
1454394233 1 3 5
1841105873 1 3 6
1340274677 1 3 7
3147997519 1 3 8
1943064747 1 3 9
529293537 1 4 0
248708126 1 4 1
1511513478 1 4 2
2127352127 1 4 3
1630669647 1 4 4
2145713563 1 4 5
1983552619 1 4 6
991201361 1 4 7
327830604 1 4 8
2146184077 1 4 9
1101651639 1 5 0
4154155208 1 5 1
348269649 1 5 2
3308549735 1 5 3
361828668 1 5 4
4257038551 1 5 5
1147760827 1 5 6
2957360187 1 5 7
2369419142 1 5 8
4158900077 1 5 9
2824652873 1 6 0
3193423216 1 6 1
1914867103 1 6 2
192539998 1 6 3
2787223308 1 6 4
1678828058 1 6 5
1192450572 1 6 6
3915273348 1 6 7
2707222553 1 6 8
2055152528 1 6 9
3308441983 1 7 0
1468446297 1 7 1
1232016805 1 7 2
386415964 1 7 3
46637353 1 7 4
969661132 1 7 5
306145472 1 7 6
1375234530 1 7 7
2649478554 1 7 8
2705034251 1 7 9
798978989 1 8 0
2234885620 1 8 1
793625078 1 8 2
2427288426 1 8 3
1193069693 1 8 4
1809222166 1 8 5
3881920819 1 8 6
1678164825 1 8 7
2767753288 1 8 8
319189055 1 8 9
1266432102 1 9 0
464005217 1 9 1
490904704 1 9 2
1382581984 1 9 3
1964020818 1 9 4
2460948948 1 9 5
276407890 1 9 6
2979824449 1 9 7
1208399276 1 9 8
1966547666 1 9 9
1617559000 2 0 0
1021241994 2 0 1
4170995681 2 0 2
2091428461 2 0 3
2402993923 2 0 4
1076690520 2 0 5
828149326 2 0 6
2856895912 2 0 7
1198440654 2 0 8
3323643552 2 0 9
478415672 2 1 0
726292817 2 1 1
2361032901 2 1 2
3366420509 2 1 3
3839497784 2 1 4
314430513 2 1 5
1453314098 2 1 6
1779627792 2 1 7
769082197 2 1 8
1568671644 2 1 9
9353847 2 2 0
3478629146 2 2 1
345164147 2 2 2
3536814706 2 2 3
2211797887 2 2 4
2072140558 2 2 5
1026874658 2 2 6
1234289847 2 2 7
2113607002 2 2 8
3779481260 2 2 9
3132797706 2 3 0
791539070 2 3 1
213696622 2 3 2
461720295 2 3 3
3645611655 2 3 4
1282881593 2 3 5
2927450663 2 3 6
2235128223 2 3 7
3008176771 2 3 8
4180877863 2 3 9
32645253 2 4 0
3729608050 2 4 1
2517476533 2 4 2
1844459986 2 4 3
2144870464 2 4 4
631500362 2 4 5
3408069600 2 4 6
2175570506 2 4 7
3262780935 2 4 8
1779027095 2 4 9
2717080210 2 5 0
3750861005 2 5 1
1933482311 2 5 2
1232553894 2 5 3
2772070514 2 5 4
1106728497 2 5 5
3859812536 2 5 6
3174618249 2 5 7
4126553131 2 5 8
23665628 2 5 9
4041051090 2 6 0
3776152613 2 6 1
145309451 2 6 2
368342557 2 6 3
2462203986 2 6 4
2378406834 2 6 5
4067867943 2 6 6
1294685515 2 6 7
1241706795 2 6 8
3696070061 2 6 9
156247447 2 7 0
2038775733 2 7 1
2524001123 2 7 2
4223449350 2 7 3
3048017937 2 7 4
888695237 2 7 5
2066027403 2 7 6
1698143187 2 7 7
908225577 2 7 8
1518494769 2 7 9
346820954 2 8 0
3270208358 2 8 1
16569629 2 8 2
2324134371 2 8 3
4164194537 2 8 4
1651742013 2 8 5
4055585095 2 8 6
3951102303 2 8 7
1502543851 2 8 8
4170874694 2 8 9
2791845228 2 9 0
2286436782 2 9 1
260754438 2 9 2
3494080713 2 9 3
3092430363 2 9 4
2452458176 2 9 5
2820004101 2 9 6
1947442240 2 9 7
1238334626 2 9 8
4096123089 2 9 9
1398753560 3 0 0
2756307227 3 0 1
3753383364 3 0 2
2771965288 3 0 3
2736816266 3 0 4
3516691063 3 0 5
1770814587 3 0 6
3504864679 3 0 7
2833785003 3 0 8
2943253288 3 0 9
864527975 3 1 0
3861595125 3 1 1
1831736088 3 1 2
2371940960 3 1 3
3021714331 3 1 4
3556945224 3 1 5
3956346144 3 1 6
3415941674 3 1 7
1837311937 3 1 8
3010002818 3 1 9
2664356107 3 2 0
621728491 3 2 1
276137841 3 2 2
1353310131 3 2 3
2160906477 3 2 4
1288102004 3 2 5
835896993 3 2 6
986643883 3 2 7
920584600 3 2 8
3512254387 3 2 9
1731553227 3 3 0
1878500826 3 3 1
3865415767 3 3 2
2073503455 3 3 3
1896742189 3 3 4
1631323568 3 3 5
366690634 3 3 6
2897935330 3 3 7
799659156 3 3 8
1773934621 3 3 9
128928449 3 4 0
2954474059 3 4 1
188119377 3 4 2
532031400 3 4 3
3929321559 3 4 4
2660871645 3 4 5
3379013893 3 4 6
394572457 3 4 7
3009591660 3 4 8
3055909353 3 4 9
3099417122 3 5 0
4108680259 3 5 1
732340646 3 5 2
1463419140 3 5 3
3239486400 3 5 4
3728535417 3 5 5
2094867368 3 5 6
3820354801 3 5 7
2995250539 3 5 8
1164467817 3 5 9
1252467103 3 6 0
1022646118 3 6 1
2711626339 3 6 2
901243691 3 6 3
3330032697 3 6 4
98034475 3 6 5
495310393 3 6 6
3216174667 3 6 7
2095694205 3 6 8
2484028627 3 6 9
3545953721 3 7 0
2208247619 3 7 1
2237440235 3 7 2
2664939845 3 7 3
1571995085 3 7 4
3763080800 3 7 5
1638341340 3 7 6
301347497 3 7 7
619118262 3 7 8
1071671994 3 7 9
1214476182 3 8 0
640599085 3 8 1
2336138385 3 8 2
2412434043 3 8 3
1452935401 3 8 4
2191951798 3 8 5
3312180232 3 8 6
4190190745 3 8 7
880724198 3 8 8
1448489083 3 8 9
2484325359 3 9 0
2118426905 3 9 1
4129813777 3 9 2
4272288183 3 9 3
2080116799 3 9 4
2658693516 3 9 5
3233726458 3 9 6
1539707951 3 9 7
2675056855 3 9 8
1490857050 3 9 9
1666460799 4 0 0
954975100 4 0 1
304779319 4 0 2
2548792465 4 0 3
2199202365 4 0 4
2734344851 4 0 5
3274139193 4 0 6
1475362920 4 0 7
3082018768 4 0 8
2660801410 4 0 9
3468970689 4 1 0
4102101537 4 1 1
180999833 4 1 2
727512304 4 1 3
4014061075 4 1 4
691740030 4 1 5
898434235 4 1 6
3379074583 4 1 7
1870337045 4 1 8
2032012409 4 1 9
3566568670 4 2 0
579362785 4 2 1
2710332056 4 2 2
1369325598 4 2 3
2260475935 4 2 4
659265750 4 2 5
2374657714 4 2 6
1613237919 4 2 7
949191962 4 2 8
2791139716 4 2 9
594816571 4 3 0
4116609225 4 3 1
4133653125 4 3 2
1729784132 4 3 3
3054787373 4 3 4
918260875 4 3 5
1844655375 4 3 6
1626795254 4 3 7
1872121469 4 3 8
2384080361 4 3 9
1609505727 4 4 0
2731794472 4 4 1
540089205 4 4 2
2763494273 4 4 3
953584120 4 4 4
1368759663 4 4 5
370541061 4 4 6
4189262713 4 4 7
3836625872 4 4 8
852365549 4 4 9
631937722 4 5 0
1912075158 4 5 1
322445613 4 5 2
3618978762 4 5 3
2095734098 4 5 4
3232447442 4 5 5
502869778 4 5 6
1119623893 4 5 7
2675725090 4 5 8
3030027090 4 5 9
2205814567 4 6 0
4163359719 4 6 1
3370065852 4 6 2
3382860637 4 6 3
2745921858 4 6 4
2871033879 4 6 5
2822815144 4 6 6
117858841 4 6 7
2449360398 4 6 8
1654563909 4 6 9
159570362 4 7 0
1821799793 4 7 1
1102894682 4 7 2
3424197333 4 7 3
3773177078 4 7 4
1775240599 4 7 5
1143411300 4 7 6
2475811734 4 7 7
35512809 4 7 8
2917467923 4 7 9
3113994776 4 8 0
2491005176 4 8 1
3937988036 4 8 2
3563316335 4 8 3
3398273270 4 8 4
2701959280 4 8 5
544243353 4 8 6
2355274326 4 8 7
2937579956 4 8 8
4191890413 4 8 9
2026633158 4 9 0
2349864200 4 9 1
3989345013 4 9 2
3709034522 4 9 3
1939855419 4 9 4
604582878 4 9 5
3459601621 4 9 6
2617886480 4 9 7
573082485 4 9 8
255888625 4 9 9
711191200 5 0 0
2471604337 5 0 1
1017932177 5 0 2
4029333826 5 0 3
112044914 5 0 4
1951071943 5 0 5
3876088973 5 0 6
1394041734 5 0 7
2197815713 5 0 8
1778437616 5 0 9
1102325578 5 1 0
3745329659 5 1 1
1017377283 5 1 2
1552758219 5 1 3
1434160795 5 1 4
3704660420 5 1 5
4078130747 5 1 6
994007177 5 1 7
2727046113 5 1 8
650489802 5 1 9
3519516106 5 2 0
2753862392 5 2 1
674781901 5 2 2
87167643 5 2 3
2254575771 5 2 4
752480454 5 2 5
4154024903 5 2 6
1763639854 5 2 7
1304638443 5 2 8
3914286098 5 2 9
126788465 5 3 0
533332742 5 3 1
1510760593 5 3 2
3078385058 5 3 3
2688171023 5 3 4
3636197078 5 3 5
70980789 5 3 6
3279737130 5 3 7
1829761097 5 3 8
1176067826 5 3 9
818456984 5 4 0
2001965449 5 4 1
2435365818 5 4 2
1491863345 5 4 3
3211779857 5 4 4
1353756055 5 4 5
1683039494 5 4 6
28212741 5 4 7
449901474 5 4 8
651843135 5 4 9
4237067538 5 5 0
2026702397 5 5 1
113656500 5 5 2
2236720506 5 5 3
896301638 5 5 4
1813689908 5 5 5
3940636254 5 5 6
517258404 5 5 7
2181268610 5 5 8
312613526 5 5 9
1350032756 5 6 0
2536089432 5 6 1
2212247673 5 6 2
1183082540 5 6 3
213436474 5 6 4
2723969279 5 6 5
938919226 5 6 6
359607985 5 6 7
2135542459 5 6 8
250145802 5 6 9
1463031804 5 7 0
1244825445 5 7 1
3930210048 5 7 2
1379217883 5 7 3
3949672912 5 7 4
2911223043 5 7 5
719694006 5 7 6
4294505313 5 7 7
1984356766 5 7 8
3262539541 5 7 9
297267199 5 8 0
3043365343 5 8 1
2736555655 5 8 2
4266092070 5 8 3
2779229440 5 8 4
3477584755 5 8 5
2894428284 5 8 6
2242568445 5 8 7
2511487164 5 8 8
2360628883 5 8 9
2538808298 5 9 0
3493595985 5 9 1
3879601984 5 9 2
3196495350 5 9 3
828599343 5 9 4
1819154822 5 9 5
537458912 5 9 6
3875392692 5 9 7
407041029 5 9 8
91290655 5 9 9
3997528604 6 0 0
4194381332 6 0 1
4201107511 6 0 2
3946496900 6 0 3
175785424 6 0 4
1692602429 6 0 5
829803461 6 0 6
837102039 6 0 7
4166150172 6 0 8
3045057148 6 0 9
244324830 6 1 0
413991402 6 1 1
1459176672 6 1 2
860006218 6 1 3
1811196610 6 1 4
3583076406 6 1 5
2361437209 6 1 6
2438497428 6 1 7
399431922 6 1 8
3484531111 6 1 9
428075463 6 2 0
965289475 6 2 1
1047343098 6 2 2
20745498 6 2 3
3301680317 6 2 4
729708482 6 2 5
2248791844 6 2 6
1054555389 6 2 7
587741212 6 2 8
1664355082 6 2 9
1830818198 6 3 0
2226454256 6 3 1
1594495149 6 3 2
1667093207 6 3 3
1801859840 6 3 4
1819353288 6 3 5
2200922871 6 3 6
2692388362 6 3 7
2539037978 6 3 8
4288056930 6 3 9
3612692211 6 4 0
108542139 6 4 1
3439992407 6 4 2
1727668734 6 4 3
3055632477 6 4 4
1466348608 6 4 5
1227903639 6 4 6
2546497406 6 4 7
2001444806 6 4 8
497481840 6 4 9
2326541867 6 5 0
619129055 6 5 1
3243605542 6 5 2
2889725442 6 5 3
45474393 6 5 4
1454812970 6 5 5
2161235768 6 5 6
2558033693 6 5 7
986426043 6 5 8
1843564859 6 5 9
3525597885 6 6 0
47638768 6 6 1
3514369804 6 6 2
1883605882 6 6 3
305608255 6 6 4
3865865541 6 6 5
2972388018 6 6 6
2771121380 6 6 7
1294580892 6 6 8
840272557 6 6 9
802296909 6 7 0
1151528406 6 7 1
4259099249 6 7 2
3435156271 6 7 3
4175945828 6 7 4
2799181000 6 7 5
978633032 6 7 6
853952022 6 7 7
3669082495 6 7 8
2680443858 6 7 9
11108402 6 8 0
2033996027 6 8 1
1976832217 6 8 2
2062127442 6 8 3
2021116688 6 8 4
1785660228 6 8 5
2075845162 6 8 6
963470596 6 8 7
3660261031 6 8 8
556537978 6 8 9
3011077069 6 9 0
4040048645 6 9 1
2652690915 6 9 2
2906017312 6 9 3
566062557 6 9 4
2763941045 6 9 5
1919523944 6 9 6
1646293309 6 9 7
3732459831 6 9 8
456570878 6 9 9
2518027232 7 0 0
2101408113 7 0 1
4121497975 7 0 2
3442007263 7 0 3
2207598299 7 0 4
1127278254 7 0 5
1288172120 7 0 6
2446623138 7 0 7
366228326 7 0 8
4097700304 7 0 9
2374847542 7 1 0
2699129415 7 1 1
1022441375 7 1 2
2087647009 7 1 3
1902666148 7 1 4
2153655833 7 1 5
1054982058 7 1 6
3013153219 7 1 7
995125033 7 1 8
653714687 7 1 9
2119779461 7 2 0
3706076256 7 2 1
2594342869 7 2 2
2398940231 7 2 3
85465855 7 2 4
1431362879 7 2 5
3530167746 7 2 6
404511839 7 2 7
2818511134 7 2 8
2756184400 7 2 9
1727077098 7 3 0
780821875 7 3 1
1036423371 7 3 2
3223433384 7 3 3
438386955 7 3 4
3254383059 7 3 5
2400165138 7 3 6
3273563432 7 3 7
2775647230 7 3 8
2526028656 7 3 9
3873443590 7 4 0
597108945 7 4 1
3310359159 7 4 2
1158811909 7 4 3
3532451696 7 4 4
234767474 7 4 5
2164415201 7 4 6
891785584 7 4 7
1696736387 7 4 8
3351854248 7 4 9
2683981385 7 5 0
1166229524 7 5 1
2199563734 7 5 2
1160623329 7 5 3
3834663249 7 5 4
196418760 7 5 5
2080421190 7 5 6
199167185 7 5 7
2909299983 7 5 8
933314217 7 5 9
309891185 7 6 0
1687995378 7 6 1
505580626 7 6 2
3493443097 7 6 3
3824878618 7 6 4
1154164976 7 6 5
3407029490 7 6 6
228688257 7 6 7
3417503356 7 6 8
2024266632 7 6 9
2817942084 7 7 0
4091124015 7 7 1
3928411677 7 7 2
2404726076 7 7 3
3017237959 7 7 4
1163116968 7 7 5
3092799748 7 7 6
1245943032 7 7 7
252992203 7 7 8
1346490300 7 7 9
2112722182 7 8 0
2366635550 7 8 1
2461314505 7 8 2
355454273 7 8 3
4013126692 7 8 4
2021199036 7 8 5
2513360617 7 8 6
3184960742 7 8 7
2857328194 7 8 8
425655990 7 8 9
2401201577 7 9 0
295569833 7 9 1
3314166502 7 9 2
2331182855 7 9 3
1800077598 7 9 4
1379232087 7 9 5
382877586 7 9 6
2345887152 7 9 7
2093312855 7 9 8
247851134 7 9 9
987338955 8 0 0
1847153936 8 0 1
2335423037 8 0 2
2548042376 8 0 3
747973252 8 0 4
3617706406 8 0 5
3580869870 8 0 6
3568301424 8 0 7
1953866762 8 0 8
3617160274 8 0 9
2307119263 8 1 0
1522121170 8 1 1
1080736640 8 1 2
4110802681 8 1 3
4098513554 8 1 4
1987613516 8 1 5
1173450201 8 1 6
929728930 8 1 7
2774870631 8 1 8
493211881 8 1 9
2295583193 8 2 0
3702926641 8 2 1
746284601 8 2 2
3567762744 8 2 3
1121679447 8 2 4
2324021788 8 2 5
1519696843 8 2 6
3278744536 8 2 7
75282870 8 2 8
1751271296 8 2 9
3124748517 8 3 0
326051790 8 3 1
3264230003 8 3 2
3356884138 8 3 3
1143545705 8 3 4
2794217207 8 3 5
785925209 8 3 6
126954461 8 3 7
3367629219 8 3 8
1972383659 8 3 9
4182740368 8 4 0
3512747335 8 4 1
3028559718 8 4 2
429299930 8 4 3
2669870019 8 4 4
480218159 8 4 5
1533296282 8 4 6
3646721957 8 4 7
4065045672 8 4 8
3847934643 8 4 9
1710511790 8 5 0
4186143711 8 5 1
3948465685 8 5 2
4285167714 8 5 3
141274208 8 5 4
3157362168 8 5 5
65194119 8 5 6
1323345754 8 5 7
2399384712 8 5 8
2542984864 8 5 9
2701971138 8 6 0
2125550601 8 6 1
2205021495 8 6 2
4169238365 8 6 3
3572320167 8 6 4
180617705 8 6 5
516445223 8 6 6
467758456 8 6 7
3419033511 8 6 8
2349341227 8 6 9
3992468933 8 7 0
1918546713 8 7 1
2789592513 8 7 2
3179197075 8 7 3
3068213326 8 7 4
1058265096 8 7 5
3716837550 8 7 6
2632083398 8 7 7
1686369818 8 7 8
3997269759 8 7 9
1405745629 8 8 0
3801561633 8 8 1
1500598386 8 8 2
1642527860 8 8 3
4287070845 8 8 4
1572252799 8 8 5
2609768442 8 8 6
4274979748 8 8 7
1774461348 8 8 8
3116824248 8 8 9
4277780806 8 9 0
3907509040 8 9 1
2937860637 8 9 2
1786777242 8 9 3
3427216962 8 9 4
2937246023 8 9 5
4273889486 8 9 6
2899184693 8 9 7
3881696133 8 9 8
1550429669 8 9 9
925845145 9 0 0
3555443522 9 0 1
4040160832 9 0 2
3091823170 9 0 3
2789319463 9 0 4
3421241613 9 0 5
3018618929 9 0 6
853455489 9 0 7
1677859001 9 0 8
3997031359 9 0 9
4019176048 9 1 0
3816206775 9 1 1
3134775308 9 1 2
2093078538 9 1 3
2807898601 9 1 4
798169301 9 1 5
2082611935 9 1 6
2949081452 9 1 7
2838790043 9 1 8
2941832103 9 1 9
2443000621 9 2 0
3098037753 9 2 1
2367725234 9 2 2
3529702959 9 2 3
3842789634 9 2 4
1005389232 9 2 5
3691179310 9 2 6
4210353711 9 2 7
1983141126 9 2 8
1485802144 9 2 9
1686100521 9 3 0
3137517388 9 3 1
1374120741 9 3 2
810862725 9 3 3
2987791170 9 3 4
3240816231 9 3 5
1851499090 9 3 6
1564608387 9 3 7
2166935532 9 3 8
4028528425 9 3 9
1365788789 9 4 0
3949755273 9 4 1
1667650662 9 4 2
2607724090 9 4 3
2115509838 9 4 4
3223335324 9 4 5
402603639 9 4 6
1182690369 9 4 7
1833039785 9 4 8
1138998187 9 4 9
58367439 9 5 0
3949469831 9 5 1
3318082143 9 5 2
384839411 9 5 3
2646529830 9 5 4
258912402 9 5 5
3163146251 9 5 6
3887411066 9 5 7
1383282566 9 5 8
628113312 9 5 9
395044763 9 6 0
1592358430 9 6 1
847324445 9 6 2
3825317532 9 6 3
1627233444 9 6 4
3938195023 9 6 5
3755006766 9 6 6
296972390 9 6 7
3280439807 9 6 8
4269891116 9 6 9
1035632705 9 7 0
624802850 9 7 1
45599226 9 7 2
3439720576 9 7 3
3319780770 9 7 4
863426862 9 7 5
537651777 9 7 6
2417435536 9 7 7
1273899563 9 7 8
2559045673 9 7 9
526669513 9 8 0
793462726 9 8 1
3317391103 9 8 2
2588634545 9 8 3
1393653902 9 8 4
2848928798 9 8 5
173096964 9 8 6
1853017366 9 8 7
2079723714 9 8 8
2664781701 9 8 9
3273837431 9 9 0
3906606264 9 9 1
2687427055 9 9 2
1592158246 9 9 3
2311099175 9 9 4
908515969 9 9 5
535758078 9 9 6
765988529 9 9 7
2316983557 9 9 8
456422412 9 9 9